9782012013490
9782733848302
9782092556603
9782092588802
9782092534878
9791096537143
9791096537150
9782081306547
9782733879375
9782733841501
9782733869840
9782733850909
9782733848296
9782733850916
9782016255285
9782226181015
9782702847138
9782879297460
9782702866733
9782253129059
9782744163340
9782298006575
9782359730920
9782844922472
9782702847312
9782286035297
9782286040093
9782741168904
9782744141003
9782744141003
9782702142783
9782879295695
9782013938839
9782290353110
9782092022818
9782266177863
9782253068242
9782266168526
9782879295848
9782258054097
9782258040687
9782702839010
9782258064157
9782258059672
9782258045590
9782724228045
9782226126085
9782877066532
9782914657846
9782724267402
9782744128035
9782213608150
9782359730647
9782259180122
9782702825242
9782702893265
9782702851388
9782234055155
9782850186332
9782221085202
9782747037709
9782800129570
9782092535172
9782092021378
9782246526018
9782724289442
9782818931059
9782840118107
9782213666112
9782286006594
9782266174732
9782253114338
9782070315734
9782070429905
9782744155659
9782744160929
9782226068781
9782744114106
9782744106651
9782744169489
9782744119538
9782744134319
9782286464905
9782020097161
9782286124298
9782702816394
9782259190985
9782259190978
9782259190961
9782259185905
9782259195089
9782724241617
9782724249149
9782724244472
9782259196048
9782259196055
9782702894095
9782259196062
9782841002795
9782744142727
9782226158703
9782744151842
9782709616775
9782709629942
9782260016496
9782234058033
9782258074545
9782744112362
9782290323281
9782213663180
9782737313813
9782286047801
9782840116820
3780148201992
9782286035709
9782841562947
9782226130969
9782286038908
9782226186522
9782744108129
9782744161186
9782744155901
9782260017196
9782845635173
9782290000274
9782283024270
9782213030777
9782221083215
9782221085028
9782286008161
9782213613628
9782286464820
9782702830888
9782702887967
9782213598284
9782221103524
9782266260770
9782226132956
9782226319319
9782080679994
9782844922915
9782744168840
9782844922687
9782702869208
9782213633787
9782876450509
9782253161677
9782724268102
9782702821923
9782724294507
9782744126116
9782844922632
9782226314680
9782702865149
9782714431011
9782744125768
9782724270334
9782744115523
9782724268690
9782724263374
9782724250725
9782714443403
9782361070304
9782714447081
9782744106743
9782744163616
9782744151590
9782702819173
9782744123979
9782744161957
9782744169670
9782221081624
9782286107697
9782702851487
9782221099353
9782221113028
9782258062771
9782258054516
9782258071704
9782702883099
9782258054516
9782286003951
9782714444509
9782714441683
9782714445209
9782714442055
9782714443540
9782213594033
9782744152047
9782286050337
9782744167652
9782265099036
9782221084847
9782714418814
9782258084162
9782724269253
9782092020418
9782702843512
9782744175541
9782709625791
9782744128028
3260051292558
3260051292572
9782714451484
9782744140396
9782286107260
9782702852408
9782080671189
9782702815670
9782844923394
9782012253704
9782080676986
9782226120496
9782845630758
9782845631564
9782744147432
9782226187468
9782259200653
9782846822503
9782286049584
9782226105455
9782867446825
9782213616650
9782286004408
9782226024855
9782226177100
9782226034441
9782714450739
9782253112488
9782714419491
9782714421012
9782286049409
9782877063333
9782877062411
9782286138202
9782286007331
9782070781225
9782070771837
9782213592152
9782702887561
9782724243611
9782744175183
9782226070104
9782744170034
9782286037017
9782702876268
9782702809686
9782702144183
9782213623368
9782286040796
9782020592581
9782744142079
9782226028631
9782286065409
9782724230567
9782702837061
9782070140107
9782290141205
9782286058579
9782246726111
9782857045380
9782286004446
9782070759484
9782259195126
9782260020424
9782724270952
9782724240573
9782744120398
9782286049522
9782226035035
9782724218596
9782290036471
9782286124342
9782234057746
9782070713387
9782913607071
9782724284416
9782724281507
9782843370311
9782070749683
9782744118128
9782702825099
9782258040021
9782266166539
9782702851982
9782879295749
9782702850572
9782724263800
9782080688439
9782286041656
9782330018795
9782080668165
9782749911731
9782234058644
9782714450012
9782290016879
9782070440221
9782259212519
9782226215291
9782260018247
9782918078005
9782253126300
9782298026245
9782714446459
9782702142301
9782253157052
9782226229885
9782258046320
9782226229908
9782742792917
9782714443687
9782221105955
9782714448286
9782714443984
9782879298641
9782226229861
9782266162265
9782266198707
9782264054029
9782234065062
9782286102753
9782702824573
9782744140587
9782286033897
9782841111213
9782253076322
9782702140635
9782070752317
9782702851890
9782724292367
9782744163333
9782702851951
9782844922120
9782877063210
9782744155918
9782258061576
9782724284348
9782702832479
9782724265811
9782286004385
9782286004224
9782724273427
9782724272345
9782226242976
9782744116995
9782724279559
9782724271645
9782258093430
9782702825198
9782844922960
9782744147494
9782744103100
9782714436436
9782268044507
9782702822418
9782744106835
9782724220698
9782070513284
9782020064811
9782246682219
9782702812914
9782702812921
9782744107054
9782213592305
9782213616926
9782286003906
9782286113124
9782258065406
9782258065390
9782258059931
9782258038295
9782258049062
9782213609577
9782286000547
9782916204161
9782258056329
9782258053038
9782258074903
9782221097878
9782856167410
9782744173868
9782867464348
9782253024187
9782744175565
9782070758357
9782070744831
9782867463457
9782738213266
9782879290744
9782702817278
9782702809204
9782724242980
9782724215458
9782879291741
9782702859704
9782744163654
9782744109379
9782879291741
9782879293615
9782020354196
9782702833254
9782350872155
9782020206938
9782080689627
9782259203791
9782264056009
9782286004149
9782840118121
9782020628532
9782070773794
9782702825006
9782714436689
9782724241754
9782702863091
9782259188593
9782724270020
9782840981343
9782702883068
9782702840610
9782259189477
9782744157882
9782879295541
9782879295510
9782879294674
9782286113216
9782259186940
9782286038359
9782020558471
9782258068629
9782738218094
9782258069930
9782258077416
9782246264514
9782246242215
9782246304418
9782246449010
9782845636224
9782080670830
9782226137463
9782226179425
9782724267051
9782702853191
9782724224894
9782702869116
9782207251164
9782702844342
9782707316868
9782702824979
9782020845663
9782702831243
9782286134259
9782226031204
9782744140587
9782916204154
9782846664332
9782846821315
9782070360215
9782914657235
9782714307675
9782702875933
9782226084798
9782744171093
9782744102417
9782258058460
9782258068483
9782724245172
9782744176401
9782286034375
9782213635750
9782744155321
9782234061170
9782246699316
9782246606512
9782744111341
9782234016538
9782234022621
9782234022638
9782253118411
9782253148678
9782699458980
9782840118138
9782221106938
9782070789412
9782845631380
9782845631694
9782744176319
9782702816653
9782213622590
9782702852279
9782702833599
9782213594392
9782709607599
9782286036652
9782221093245
9782286034405
9782702880722
9782702832813
9782845630956
9782845631397
9782845632271
9782702836330
9782744149900
9782877063388
9782258049659
9782818907900
9782702896747
9782841569342
9782738209610
9782234064126
9782213607412
9782702864760
9782213608280
9782213609522
9782213595238
9782246267119
9782286004491
9782845630222
9782702840603
9782702852774
9782757838044
9782226167347
9782742751419
9782744157394
9782742739240
9782842630522
9782702895627
9782845630086
9782738212825
9782702832691
9782702817988
9782702815724
9782724232264
9782744185793
9782724236590
9782724286915
9782724282979
9782286047061
9782863741092
9782744176005
9782843372100
9782213615042
9782213608198
9782246492214
9782744127946
9782724223439
9782744109591
9782724266382
9782840116004
9782749907956
9782260000136
9782286004194
9782845630314
9782226176738
9782710325192
9782286001872
9782702823200
9782259196123
9782259191883
9782259199063
9782848680859
9782744131806
9782709628891
9782070718900
9782724280135
9782221073490
9782744102868
9782070737895
9782714439390
9782724262308
9782714440600
9782912517272
9782877063371
9782744144431
9782744100017
9782080665805
9782744145100
9782259184809
9782298027686
9782350120386
9782259197526
9782259189231
9782744124945
9782702832332
9782744163692
9782286004354
9782724253078
9782286106713
9782221081563
9782286004453
9782286004507
9782221081570
9782845632226
9782845631755
9782845631137
9782845631120
9782845631113
9782221086254
9782724281521
9782286055660
9782286004361
9782845632707
9782724243635
9782724275636
9782702852279
9782845630024
9782845630031
9782845630048
9782268005218
9782864771838
9782286040871
9782744138508
9782286004002
9782286003913
9782080680563
9782286045111
9782258053793
9782724243642
9782070743865
9782070763238
9782070740307
9782286041021
9782286037079
9782286041274
9782020555562
9782724205961
9782912517005
9782744122231
9782744116292
9782744133312
9782744187186
9782724294378
9782020334938
9782915056839
9782253129400
9782253121206
9782912485489
9782213627526
9782286006952
9782724264531
9782702833698
9782744120329
9782714442598
9782266132824
9782260016939
9782260017585
9782744164446
9782702861271
9782744153662
9782714441904
9782747030601
9782714441065
9782710307723
9782840117957
9782213026800
9782702887059
9782286043032
9782744117138
9782286141271
9782747509640
9782709613118
9782286034450
9782879293981
9782744162695
9782840410119
9782702117842
9782724260830
9782221048320
9782286146207
9782724253344
9782714444417
9782744127977
9782258075764
9782843372131
9782843372148
9782843372155
9782226040336
9782286004309
9782844923356
9782286037567
9782702835708
9782286014254
9782070753567
9782286047153
9782724268850
9782246714514
9782724262421
9782709646086
9782080686565
9782267016239
9782226087119
9782221102107
9782702868836
9782747027373
9782715813052
9782234058514
9782221049037
9782744174148
9782747575560
9782846664356
9782259180115
9782747037198
9782228890731
9782259189798
9782743628765
9782221102787
9782266122696
9782221107645
9782867464546
9782867463693
9782213609058
9782724224580
9782702868270
9782221097670
9782702895566
9782253111542
9782724245196
9782286147563
9782702820872
9782744167874
9782744162350
9782258064959
9782258065840
9782258069626
9782258079908
9782744151682
9782744182013
9782702815175
9782350760896
9782245004159
9782844344199
9782262017392
9782246462712
9782744129070
9782714435835
9782080685919
9782840118268
9782841875184
9782724221718
9782724267693
9782841864058
9782915957372
9782213611846
9782744178665
9782744191695
9782259196499
9782744120237
9782290010167
9782876450301
9782702897089
9782848681306
9782221095843
9782259207089
9782260017721
9782266157308
9782744168314
9782846664462
9782848682341
9782744133978
9782744187827
9782744172014
9782702843383
9782744135613
9782286038007
9782724283167
9782724291070
9782724237412
9782207232149
9782253149514
9782286006723
9782715219366
9782080661401
9782080688187
9782070709021
9782747018432
9782724267549
9782724272550
9782724273915
9782724251227
9782724235746
9782847205923
9782724277777
9782724277760
9782724276930
9782724276923
9782714435897
9782744147982
9782744172045
9782747034562
9782702852620
9782744149849
9782744172267
9782286004392
9782286142070
9782702886632
9782286004101
9782877060387
9782702832929
9782747037181
9782744145797
9782702867631
9782744145780
9782724238280
9782724293241
9782747017312
9782262004064
9782744113956
9782709626781
9782259203968
9782221108024
9782221009802
9782286047191
9782744164545
9782221093627
9782221047590
9782702822821
9782221052075
9782724263428
9782744157851
9782842631130
9782226100146
9782070762279
9791091965057
9782354132156
9782841141562
9782221090237
9782744151606
9782744144004
9782749913506
9782226069955
9782744137884
9782226086723
9782744122767
9782702859681
9782724224733
9782744122071
9782840118060
9782702837313
9782298062311
9782749914244
9782724285352
9782213601267
9782845633360
9782845633704
9782845634190
9782845632196
9782702135389
9782266145978
9782266142793
9782848682358
9782266158329
9782266052436
9782259198493
9782352870623
9782702869109
9782207256459
9782744175176
9782226149602
9782226131898
9782844340450
9782876453197
9782846663717
9782744118449
9782226167224
9782226179647
9782724273144
9782744109256
9782702845981
9782246282112
9782848760346
9782744147999
9782286296186
9782846664608
9782714440808
9782744109089
9782702843970
9782286145088
9782298086928
9782258099944
9782749911106
9782020121279
9782221127131
9782286004217
9782744135576
9782744107061
9782702814383
9782744104176
9782353150625
9782744165313
9782070767007
9782080680372
9782213028750
9782070769179
9782879296050
9782290005484
9782844920942
9782724224573
9782246311416
9782213031835
9782213029696
9782213596167
9782744182938
9782234059450
9782234062337
9782221056028
9782744145117
9782702872390
9782070233175
9782070702497
9782260017301
9782744125652
9782080670410
9782724273939
9782286006518
9782221098554
9782744128103
9782744112669
9782246575214
9782744125775
9782702842799
9782702829615
459
9782738215642
9782744140419
9782262009359
9782862748986
9782724248357
9782290331880
9782744100949
9782702851531
9782702882030
9782714445216
9782714438690
9782702812662
9782714438027
9782724225747
9782283021002
9782070779666
9782286102784
9782738205971
9782221009840
9782702841488
9782253139089
9782724277302
9782744168239
9782070702329
9782744106866
9782702879771
9782844120649
9782844121158
9782070789047
9782070787074
9782286006297
9782226019394
9782749902036
9782841111350
9782226024558
9782747001205
9782246662013
9782702876107
9782234054615
9782744151699
9782724213911
9782744172618
9782744163685
9782702868478
9782844923547
9782714438157
9782280854955
9782702877180
9782350871066
9782350870830
9782350870458
9782724272567
9782737337574
9782840118206
9782859407612
9782286041045
9782286038984
9782744129780
9782744132223
9782081343689
9782724230710
9782724264159
9782286037925
9782081201231
9782846664363
9782070761982
9782020049931
9782744122033
9782253117155
9782070737291
9782724272710
9782724260908
9782286052607
9782070704323
9782286134112
9782286036812
9782226025579
9782879293110
9782724201703
9782724236811
9782846664653
9782724247558
9782286048181
9782286110758
9782246635116
9782724263633
9782845630765
9782080672858
9782226135025
9782260016977
9782080649867
9782258044432
9782246463016
9782286033293
9782226188618
9782226181077
9782226173621
9782286046576
9782286008314
9782744155055
9782286054595
9782742735983
9782234016880
9782841113095
9782724271485
9782266137928
9782221097823
9782724262360
9782226259981
9782283023136
9782371000049
9782070760336
9782714441454
9782266233897
9782258051812
9782724262230
9782724267525
9782226173508
9782702823064
9782702816110
9782744102547
9782744111365
9782714438959
9782226168085
9782702887110
9782286009144
9782724281637
9782724275629
9782702836170
9782226158512
9782724270105
9782738204417
9782226134547
9782844922243
9782226188519
9782702851456
9782841140787
9782724260120
9782742723805
9782258068506
9782744120190
9782702895832
9782258062702
9782744102332
9782724279399
9782724294569
9782744111563
9782744147500
9782298074284
9782744115707
9782724265682
9782258074439
9782070749058
9782744162626
9782744161193
9782702825204
9782744170027
9782744145445
9782221103333
9782226116352
9782226127419
9782286001988
9782221157831
9782213662961
9782744167836
9782226244239
9782702886311
9782744133428
9782744153891
9782744155550
9782744173776
9782744104152
9782744115042
9782724269048
9782226239969
9782286008567
9782744151811
9782744140457
9782724296365
9782258047242
9782744101915
9782253045151
9782724284492
9782253047858
9782724291032
9782744162688
9782259191791
9782744132063
9782702810262
9782286045166
9782286003838
9782702824450
9782724231632
9782744150180
9782878581997
9782714440921
9782744155239
9782709627320
9782724290745
9782840118176
9782226093011
9782286115685
9782702835845
9782724208429
9782699036249
9782709638180
9782258067394
9782258063716
9782226099983
9782714420237
9782350331034
9782744157585
9782286004460
9782259202916
9782221011782
9782859407773
9782260017080
9782286017644
9782213629513
9782744191756
9782260017233
9782266178372
9782724280074
9782841113712
9782846663816
9782020414777
9782859406585
9782724265453
9782246643210
9782286057862
9782246616610
9782259197083
9782246654018
9782702129661
9782724271706
9782286008635
9782702137956
9782253066866
9782744171765
9782702135723
9782246751113
9782080680839
9782744157950
9782744160868
9782702896990
9782848051734
9782234058170
9782744136566
9782744133602
9782258052321
9782840118190
9782221087121
9782221082799
9782702867815
9782221092804
9782702875872
9782020794503
9782080673794
9782226078612
9782226134592
9782286004231
9782226115263
9782916204314
9782702823231
9782702868003
9782744149771
9782081324473
9782744163272
9782744120909
9782714440037
9782702821107
9782724272291
9782286469122
9782226172891
9782702868591
9782702868539
9782226105219
9782809801798
9782724289251
9782702868522
9782744160776
9782714445865
9782845634572
9782070401680
9782757805190
9782702154403
9782361070175
9782940523009
9782296118300
9782266176750
9782283023488
9782724227086
9782809802528
9782298023954
9782845632905
9782226215086
9782845632806
9782757822586
9782714437310
9782702863978
9782298026221
9782744117657
9782714439260
9782226126573
9782714445704
9782253159681
9782709635349
9782350871608
9782702876466
9782754000543
9782702880791
9782914327053
9782259199681
9782844946157
9782744158865
9782081308879
9782744103957
9782702837757
9782258061590
9782879296463
9782744138294
9782709635790
9782702853153
9782330006563
9782844922786
9782226218766
9782080671868
9782221125922
9782253125808
9782258086449
9782221116791
9782724283075
9782246770114
9782352041405
9782070419609
9782260019602
782226221322
9782221099384
9782714450210
9782745924445
9782298020243
9782742780396
9782298001075
9782298036381
9782266162272
9782330022648
9782070364800
9782714443991
9782265092501
9782709630580
9782081283749
9782226244321
9782258074552
9782714453167
9782246800309
9782845635005
9782265094307
9782246809012
9782709643740
9782845636194
9782749919980
9782226249838
9782265092518
9782226249722
9782353151776
9782290041581
9782290059821
9782234075368
9782709642866
9782211212120
9782747038898
9782211070881
9782753021013
9782747029919
9782747029926
9782070654642
9782747037990
9782747028639
9782070406975
9782265093577
9782207113370
9782070617005
9782747039055
9782244405728
9782244404530
9782244405865
9782747044035
9782732458076
9789461580368
9782092545652
9782841813759
9782211213851
9782211207812
9722211012962
9782266168656
9782070755899
9782747048521
9782877677820
9782745957368
9782081209886
9782747038928
9782092534397
9782211213318
9782298030327
9782845633667
9782365770415
9782809426632
9782800153025
9782874427367
9782700029949
9782244418353
9782244405797
9782244418421
9782822208222
9782092527719
9782818925324
9782803634200
9782822202756
9782215101680
9782203145207
9782226153197
9782757819791
9782253157113
9782298011388
9782298070941
9782226153425
9782266220378
9782266211062
9782757816486
9782012264557
9782081219137
9782226113825
9782268033242
9782226136961
9782862275987
9782298001518
9782070558902
9782211085465
9782864970118
9782013219198
9782092430002
9782809808698
9782353151417
9780886659448
9782753011472
9782736661205
9782215031307
9782700210828
9782035831996
9782700223989
9782881430756
9782092772126
9782226254450
9782221135730
9782290077443
9782714450746
9782234077928
9782845635012
9782842637965
9782226258076
9782845636767
9782234071988
9782260021230
9782258100442
9782226254443
9782226258069
9782714454188
9782081314184
9782265098183
9782290342121
9782914657433
9782707319302
9782914657334
9782266202206
9782253168744
9782081624467
9782264060235
9782901245599
97828649709651
320206094817
97822530624621
9782246625810
9782290057698
9782350872544
9782012041950
9782020615181
9782508007798
9782746733527
9782021021202
9782709620758
9782266241564
9782266241595
9782253166443
9782266241571
9782841135066
9782298065183
9782253158356
9782266234634
9782070615308
9782092512517
9782266126304
9782841137824
9782732445823
9782850258817
9782211206921
9782215070672
746068611
290307702266
9782092021385
9782092549674
9782215076506
573540
6066600217495
9782844033918
9782914686587
9782092534588
9782070644933
9782092539675
9782092533918
9782070650491
9782723478380
9782012010505
9782916279442
9782916279473
9782012012127
9782012012622
9782723478458
9782013945226
3260050876926
9782226254467
9782253175629
9782714458193
9782226259905
9782919767076
9782265098695
9782258113084
9782843377020
9782226259929
9782714454126
9782013225502
9782081626768
9782264055569
9782266251747
3260050876957
3260050695794
9782266251143
9782266251129
3260050695787
9782266251808
528275
9782266251945
9782266251822
3010000041672
9782266251136
9782266251150
9782266251969
9782266251167
9782743462086
9782253004271
9782081370548
9782747033664
9782012016828
874820
9782848655055
9782012275140
9782012275171
9782012275133
9782013932745
9782203079786
9782092539927
9782877678285
9782010003257
9782800161013
9782218960420
9781409508786
9782013942836
9782012263291
9782010027093
9789037460957
9782821203662
9782215046585
9782092549230
9782253164913
9782070145683
9782749922096
9782365690409
9782824605258
2263038558
9782266228930
9782844551047
9782831200019
9782848650944
9789085451839
9782203020160
9782841460496
9782203084575
9782882580207
9782867388354
9782740417676
9782278059690
9782841560394
9782227712539
9782916279817
9782013910446
9782330034948
9782877674256
9782748506938
9782211072700
9782203066267
9782211072687
9782203016361
9782747035477
9782227709157
9782211039918
9782211038478
9782714456694
9782732031071
9782211201926
9782211097086
9782917237540
9782278053810
9782012248557
9782913574595
9782211058957
9782244498249
9782218729515
9782020574327
9782211082150
9782877673556
9782278049363
9782745913562
9782745935588
9782952672955
9782261013951
9782226032362
9782226032379
9782092558065
9782205001907
9782864972662
9782205005820
9782877672900
9782211053105
9782844552310
9782278054640
9782895128793
9782211076265
9782035886187
9782211026260
9782913574397
9782700941081
9782800127644
9782733803264
599104
451583
603724
463
9782747008914
9782845260795
9782702828380
5400141811926
9782841602162
153175
603702
9782747003100
3260050876902
9782244422411
9782244422428
9782747034845
3270190371632
9782843680045
9782843680175
9782278300105
893101
9782092770603
9782010175183
9782732436135
9782873913090
9782700015041
9782732433578
9782743418540
9782749928319
9782070695386
9782020130288
9782841814046
9782021071160
9782203081161
9782211072328
9782226255495
9782211216272
9782013942744
9780746092538
9782092106044
9782877678056
9782324000867
9789085459804
517
9782907354714
9782010084317
9782355043055
9782203090118
9782354132538
9782918857532
9788877470393
518
9782266058179
9782070616220
9782092095775
9782227721036
9782845406377
9782278064878
9782330031695
9782748515398
9782203081086
9782748505535
519
9782012015937
9782756510392
9782913574458
605231
9782226195586
648990
9782804012809
9782218929496
9782226070555
9782914088305
9782266086431
9782237001067
9782080722072
9782253038016
9782013210140
9782080707376
9782253039396
272420042
9782700223972
618387
645436
130867
9782080702272
9782070362363
9782266163774
9782237001135
9782277300090
509870di
9782266068246
9782203091092
9782812600944
9782211224635
9782211060530
9782013831765
9782070667062
9782700237979
9791027600687
9791029500626
9782070661930
9782081288959
9782013971034
451572
2211063632
9782230001026
5410741012159
54107410121422
9782203135185
9782092225158
3791202022002
9782713009075
9782821204775
9782821204768
9782821204782
9782821204713
9782740423004
9782021099256
9782070667048
9782700247794
9782700233094
9782747029032
9782747023290
9782747044202
9782211221726
9782344008461
9782350786438
9782818933541
9782205072303
9782203001015
9782203001329
9782822212151
9782215066972
9782215081845
9782215069171
9782215142553
9782215084440
9782215106715
9782215141631
9782215106456
9782226258878
9782845637795
9782749923864
9782702153529
9782266233224
9782266205023
9782226319234
9782266211727
9782266203906
9782266254571
9782246464112
9782265087293
9782372730136
9781409529552
9782010056451
9782253003960
9782014002812
9782012039483
9782012044296
9782226156631
9782012021952
9782253022565
9782203020665
9782092527153
9782012047563
9782747057028
9782092558393
9780723292098
9782011610232
9782011165244
9782012017375
9782014002638
9782226239945
"."
9782218981197
9782916689012
9782211214223
9782012021952
9782014002645
9782010009273
9782203020658
9782203020672
9782070552191
9782841813179
9782350213569
9782874262494
9782092020340
9782092020371
9782092020234
9782092022931
9782092020388
9782350873480
9782221157848
9782845638082
9782070455645
9782749925981
9782253178118
9782226325761
9782253178101
9782226319227
9782221138267
9782081280519
9782226320933
9782253194651
9782253185659
9782092543030
9782879296777
9782841813988
9782081295414
9782081616936
9782215077978
9782016251706
9782916495675
9782246856733
9782211073271
9782070552856
9782070695164
9782745974686
9782226240606
9782070659609
9782889081509
9782211228510
9782211209533
9782211212182
9782831100968
9782812610493
9782364748927
9782035925848
9782889083053
9782841814367
9782215097655
9782211057189
9782211047012
9782092020203
9782215104841
9782092519318
9782221107133
9782747013598
9782842059842
9782227729230
9782266075572
9782700221473
9782227729629
9782266079228
9782266057158
9782723434805
9782723434317
9782215066842
9782253000518
9782842193133
9782020571241
9782744155543
9782878581300
9782020347136
9782846345903
9782744161117
9782846346023
9782702405239
9782724245011
9782020495752
9782749902524
9782744160875
9782724219128
9782020247818
9782286144746
9782702836101
9782714440723
9782846122214
9782744135903
9782846345989
9782846345996
9782846345972
9782846346016
9782846346009
9782846345958
9782846345934
9782846345910
9782846345927
9782744154447
9782265075030
9782265076730
9782744187759
9782265076754
9782265076747
9782714441164
9782714442987
9782714441911
9782724270990
9782738204950
9782020588355
9782020662741
9782744113864
9782702854532
9782702130926
9782253114116
9782702863930
9782020444606
9782744111532
9782744120756
9782744135149
9782724291872
9782702134153
9782702129494
9782702814413
9782746702158
9782842192518
9782842192556
9782702837764
9782743607487
9782743606329
9782286044350
9782744168338
9782744136221
9782724274196
9782744134142
9782744132131
9782744141232
9782226181039
9782744172007
9782258037922
9782714438218
9782258045231
9782744150906
9782744157363
9782258055810
9782226188465
9782221087152
9782724273571
9782702836538
9782221088791
9782702816660
9782724278859
9782724212648
9782286481322
9782226155146
9782702820056
9782226093318
9782702810231
9782744109515
9782744170607
9782702833209
9782226064608
9782226173164
9782226159786
9782226108623
9782286022525
9782226100641
9782702888551
9782724230956
9782702876541
9782226106087
9782226120427
9782702865132
9782226069788
9782226115706
9782226078339
9782226158413
9782226086488
9782744135231
9782724248463
9782702897287
9782286052645
9782286079949
9782226088192
9782226173676
9782724273366
9782744100024
9782286003937
9782226192219
9782286049508
9782738217370
9782702890639
9782286003999
9782226177162
9782221052754
9782226186423
9782226135728
9782226130990
9782702883693
9782702862902
9782286038892
9782702819647
9782702112366
9782869301016
9782744135552
9782253099055
9782286468620
9782724218824
9782724273502
9782012005648
9782226093257
9782286006518
9782213023120
9782724292688
9782744152009
9782724262971
9782702838020
9782226131904
9782226179692
9782702864012
9782226172181
9782286122942
9782277228929
9782277228943
9782277228936
9782226071439
9782724276732
9782226126702
9782742770311
9782744154478
9782724228922
9782724264906
9782724231342
9782742761579
9782742765010
9782702814994
9782226093912
9782226087133
9782702863060
9782744152016
9782286049188
9782080681973
9782744161148
9782847421224
9782847421040
9782847420777
9782702821121
9782226134042
9782226181084
9782226173447
9782702886380
9782226195685
9782226156709
9782258029941
9782286061814
9782744130984
9782286009878
9782286027742
9782840988960
9782724290448
9782286009571
9782253014850
9782266164825
9782744151989
9782266166348
9782743606275
9782749902395
9782265039742
9782724207606
9782749904856
9782848930589
9782738213792
9782265059306
9782724220117
9782702887035
9782882501875
9782280847742
9782226156822
9782744142949
9782744170614
9782702819227
9782710327943
9782810003266
9782710328513
9782710330714
9782841720552
9782738223494
9782738216083
9782710327073
9782738207296
9782702879467
9782724255249
9782286049928
9782286042257
9782714442321
9782259001359
9782743611989
9782743605933
9782743603113
9782290351314
9782810004409
9782842192501
9782265087439
9782845650008
9782840553359
9782302002630
9782840551430
9782849468791
9782877642385
9782203340343
9782800115399
9782744156366
9782203340237
9782800117911
9782749300320
9782731607482
9782800131702
9782700941005
9782950121813
9782203343030
9782800114743
9782800118192
9782744154102
9782203009622
9782744163043
9782203340206
9782731612301
9782203340244
9782845652248
9782845650220
9782849466452
9782869679290
9782840550594
9782840552369
9782877645669
9782869675209
9782951041301
9782877646604
9782845659957
9782845655683
9782877646611
9782845650442
9782877646468
9782877648066
9782849465592
9782877647120
9782877645911
9782877643061
9782203334335
9782877642576
9782877643948
9782877645638
9782302001008
9782845650442
9782203202320
9782707116062
9782714412621
9782702302378
9782724266467
9782748504651
9782253047834
9782732433233
9782226082404
9782226128492
9782747016322
9782286049652
9782738105981
9782863919644
9782724267785
9782732433424
9782744131608
9782950250636
9782724207019
9782702830802
9782203155107
9782070518746
9782747002318
9782747013376
9782070557387
9782724282894
9782070585625
9782020308496
9782070565146
9782732032894
9782092786055
9782203141056
9782070581306
9782070533497
9782070395040
9782012914698
9782092044629
9782744106583
9780746065457
9782905275189
9782227016071
9782070359097
9782203142053
9782070508891
9782092404904
9782092402238
9782226094759
9782740416556
9782203238084
9782203238015
9782203238121
9782203238305
9782203238190
9782746704152
9782747026239
9782732430225
9782732432496
9782747013567
9782912084071
9782092102657
9782070584475
9782700305302
9782804603892
9782840480297
9782842303297
9782870274668
9782030139271
9782070582792
9782840064282
9782842036454
9782036530096
9782215051213
9782723459167
9781405434416
9782744100048
9782010089626
9782035651983
9782036524064
9782035054500
9782733806197
9782226058027
9782215063407
9782744163937
9782701305462
9782724219722
9782744150227
9782010109409
9782724251760
9782848015347
9782700026498
9782070557769
9782744107757
9782732440217
9782036110021
9782915569728
9782081614710
9782203102040
9782092113462
9782215064749
9782070612130
9782841900336
9792715908191
9782743422837
9782848011608
9782092503041
9782713015236
9782266057264
9782070567003
9782217051068
9782070500376
9782910565725
9782701154619
9782878334760
9782706602283
9782909421889
9782848650012
9782845260795
9782848870267
9782092535639
9782070566990
9782070568147
9782070581450
9782842180461
9782745900654
9782354880453
9782354880514
9782732439679
9782092721261
9782841134311
9782702810538
9782010128578
9782211064019
9782092223611
9782742602063
9782744103032
9782012917484
9782218032134
9782713014741
9782744114601
9782844163226
9782844163196
9782724257809
9782952984225
9782740418253
9782082008525
9782747010313
9782952468978
9782738102430
9782744188527
9782952984201
9782869677661
9782215047483
9782724294224
9782876773097
9789037467147
9782215018179
9782227718067
9782745913098
9782010077654
9782215018179
9782745915375
9782745917300
9782745934741
9782092772546
9782092223611
9782745917300
9782092608401
9782227718029
9782745904607
9782700050400
9781859950647
9782865352470
9783314211423
9782744101779
9782733805794
9782742755943
9783822871096
9782215021957
9782080102430
9782701521725
9782744110900
9782070532667
9782744102257
9782742794164
9782700040500
9782211063913
9782744132247
9782249280436
9782215011538
9782215008163
9782743412753
9782724256413
9782724259773
9782707205070
9782215008705
9782744124556
9782047200131
9782203144187
9782700040951
9782215094753
9782845673465
9780746092033
9782203144644
9782203008694
9782745921949
9782012916166
9782210774407
9782884453943
9782047218594
9782745932808
9782215063490
9782841130269
9782726894286
9782915535105
9782713014215
9782864680017
9782261012466
9782070594245
9782227719071
9782732432472
9780746068618
9782743400866
9782743400842
9782744117435
9782215052869
9782092102664
9782912084859
9782915569094
9782912084347
9782912084545
9782713014994
9782035650962
9782070539598
9782745907028
9782092404911
9782070566815
9782218025709
9782092772003
9782865352074
9782910565725
9782744127175
9782732432472
9782732433561
9782842779085
9782745917126
9782745918727
9782700027037
9782020552370
9782745944115
9782092533024
9782070625628
9783314209673
9782230004317
9782876861770
9782355040351
9782743418564
9782719202180
9782021000382
9782020992855
9782261013326
9782210989740
9782700002188
9782878781281
9782736635039
9782849491201
9782748505344
9782013930123
9782013907187
9782092402306
9782244495019
9780746065600
9782700042832
9782298034141
9782081614185
9782736700164
9782210989733
9782070506330
9782744132018
9782278061839
9782261012466
9782355041389
9782747029193
9782740406786
9782704702534
9782704700424
9782092515983
9782915569223
9782747025355
9782013913461
9782012001985
9782012001978
9782227721425
9782227727199
9782227727212
9782227727137
9782227727588
9782227728387
9782227727151
9782227722811
9782227722002
9782227722873
9782092824337
9782744154522
9782744135491
9782744154515
9782070312115
9782092102633
9782748504897
9782211027106
9782261034963
9782211094696
9782010138409
9782070584512
9782700220353
9782211068406
9782211072038
9782211040181
9782884453769
9782081607040
9782745929785
9782215011934
9782012008205
9782012002050
9782744164262
9782736700195
9782736645823
9782736645434
9782748508864
9782203175082
9782203175037
9782203175013
9782261028269
9782203175068
9782070537174
9782747007504
9782743419974
9782884451512
9782092514108
9782092512692
9782745926234
9782884454674
9782040180485
9782747009539
9782070523139
9782081621398
9782081629219
9782012002197
9782081625006
9782211070447
9782211072052
9782211063708
9782748504910
9782211027854
9782211038812
9782010208324
9782012094185
9782012097537
9782012098558
9782010203992
9782010186189
9782012097612
9782010190513
9782012002838
9782010162213
9782010140464
9782010183898
9782012094895
9782012001695
9782010184949
9782227721135
9782092509944
9782747018456
9782227731158
9782227731080
9782266130394
9782010186141
9782227729131
9782747023276
9782747018456
9782747023269
9782747018357
9782747027366
9782747021852
9782747018500
9782747018517
9782747020336
9782747034425
9782747026154
9782747020350
9782747020343
9782747034418
9782747018524
9782747018449
9782081230453
9782081242104
9782081254121
9782081250253
9782081247239
9782747032322
9782747018494
9782884451925
9782884451079
9782884454933
9782884450607
9782884454261
9782884802079
9782747036757
9782723428248
9782070524556
9782747022866
9782748508208
9782748505689
9782748505719
9782748505511
9782748508826
9782748508833
9782748508857
9782748508840
9782748505696
9782748505481
9782748509076
9782748506891
9782748508505
9782012002920
9782747022170
9782747034593
9782747011037
9782747010375
9782747030168
9782747028059
9782848016412
9782203033283
9782092521304
9782012011342
9782012016767
9782012016774
9782012011120
9782218753237
9782092508107
9782747012744
9782227731073
9782227731028
9782227731141
9782700940497
9782227731202
9782747012942
9782747030557
9782012011137
9782253036067
9782747017121
9782747003933
9782747018388
9782747018470
9782747018463
9782747018487
9782747018340
9782747018371
9782747018364
9782747018395
9782747018401
9782744141485
3791973032002
3791973032002
3791973032002
3791973032002
3791973032002
3791973032002
3791973032002
3791973032002
3791973032002
3791973032002
3791973032002
3791973032002
3791973032002
3792643026000
3792643026000
3792643026000
3792643026000
3792643026000
3792643026000
3792643026000
3792643026000
3792643026000
3792643026000
3792643026000
3792643026000
3792643026000
3792643026000
3792643026000
3792643026000
3792643026000
3792643026000
3792643026000
3792643026000
3792643026000
3792643026000
3792643026000
3792643026000
3780430904501
3780430904501
3780430904501
3780430904501
3780430904501
3780430904501
3780430904501
3780430904501
3780430904501
3780283504507
3780157205202
3780157205202
9782350241234
9782350241241
9782012005228
9782914471015
9782070644988
9782070696307
9782012030398
9782012023246
9782211201148
9782211206952
9782211090285
9782211209243
9782012025325
9782012025301
9782012020245
9782012025332
9782218958717
9782218753541
9782266149082
9782266199766
9782070627462
9782070633449
9782218958700
9782218928819
9782218958748
9782218960215
9782070645763
9782266189705
9782070552955
9782070558872
9782070646135
9782012025318
9782070550999
9782070640003
9782211201032
9782070648399
9782884805711
9782884451062
9782884805933
9782884805728
9782884805810
9782884806046
9782884806145
9782884806206
9782884806336
9782020247474
9782910753238
9782910753276
9782211012478
9782211040396
9782211070942
9782081603004
9782700210965
9782211062145
9782070331352
9782203119420
9782081617681
9782841135363
9782012098541
9782081617407
9782081623972
9782890378186
9782700223019
9782700223019
9782081618947
9782700223637
9782700223033
9782841466511
9782745901699
9782081617148
9782203117679
9782700211115
9782070569274
9782211041652
9782070565948
9782266075534
9782745934222
9782700220261
9782867262296
9782211040327
9782867387395
9782700228137
9782070524242
9782070551613
9782070554010
9782812200014
9782747026451
9782747000581
9782747004831
9782070559916
9782211036757
9782070529001
9782253036982
9782290300817
9782743604226
9782748501131
9782211072113
9782010204883
9782211077200
9782841465613
9782081619395
9782266100670
9782211045551
9782700211160
9782070593125
9782081613478
9782211070089
9782070515172
9782227739000
9782070513727
9782841563579
9782211045728
9782081213326
9782211022620
9782700211139
9782844202116
9782070619948
9782226128560
9782700226492
9782700211535
9782742782451
9782211069571
9782914088107
9782211040792
9782352884163
9782352884170
9782352884187
9782227068032
9782841466870
9782013220873
9782012097803
9782266018913
9782013210096
9782700223156
9782013218658
9782700210682
9782700211504
9782700224436
9782211019965
9782211044608
9782070538058
9782070538041
9782070538034
9782081648203
9782070523160
9782070523160
9782010135460
9782211037785
9782092835036
9782010170058
9782070543601
9782203163089
9782211040532
9782211049511
9782211028233
9782700210910
9782203162082
9782211037921
9782211066167
9782211054522
9782211045773
9782211072441
9782700223927
9782070513987
9782010165467
9782227729049
9782211023344
9782211043182
9782211040686
9782211040631
9782211045766
9782211015585
9782211032803
9782070538768
9782092831618
9782010209017
9782010163401
9782070579778
9782266115612
9782211021661
9782266114745
9782070335404
9782070538836
9782700211702
9782211074698
9782211035033
9782700210927
9782211042543
9782013213714
9782070585090
9782081212367
9782211056427
9782211092630
9782092821350
9782211082907
9782211046114
9782211072014
9782744150784
9782211028967
9782070575350
9782732033433
9782081618954
9782070551033
9782070522538
9782070312160
9782700227161
9782070537990
9782070552368
9782092821046
9782070551637
9782867262821
9782211065245
9782211042444
9782211069137
9782841462940
9782211033985
9782070544776
9782700210132
9782841132881
9782070311910
9782211039871
9782266003865
9782070334384
9782092821190
9782211028943
9782012095267
9782070582303
9782070516247
9782916683096
9782070525577
9782070615360
9782070518425
9782070543588
9782747013598
9782081645981
9782266058285
9782081647718
9782841564811
9782226140418
9782266108041
9782841132898
9782227729933
9782227729469
9782227729032
9782227729261
9782227729735
9782081646605
9782211069359
9782700210651
9782020590716
9782210984127
9782092522455
9782092522462
9782092522479
9782747012522
9782745926982
9782010154218
9782070567843
9782203162020
9782211072830
9782211044608
9782010196843
9782070543489
9782070335725
9782700230789
9782906987043
9782227729322
9782040180416
9782070568840
9782010208324
9782012094895
9782012097537
9782010185960
9782070570751
9782747026161
9782218952845
9782211040136
9782211045315
9782081645028
9782070345045
9782211048309
9782253004868
9782211069670
9782070569656
9782747030298
9782081267336
9782745927002
9782747032001
9782070612727
9782745926999
9782070612741
9782070612734
9782070612710
9782745926982
9782747031998
9782081267374
9782747032551
9782878113563
9782070556397
9782877675802
9782355041365
9782746705463
9782261401949
9782261401994
9782211201728
9782353480203
9782352890935
9782911013928
9783314219702
9782020579353
9782081603080
9782211028592
9782278054534
9783855396078
9782877672399
9782877670715
9782211067935
9782070627912
9782211018715
9782244421070
9782211062220
9782211020589
9782724261042
9782877672139
9782013914581
9782877675673
9782877674409
9782070541744
9782211063012
9782878331745
9782864340355
9782226038661
9782913741263
9782877671675
9782211035866
9782226101303
9782211071802
9782278300754
9782352890249
9782278061822
9782013909884
9782020990332
9782211051545
9782211073462
9782844201362
9782081220980
9782012238923
9782070575732
9782070625222
9782070578726
9782736636029
9782877671729
9782211015837
9782211039772
9782218015205
9782747017961
9782070504602
9782020653565
9782070566662
9782211061575
9782877671323
9782226152992
9782211026246
9782013908535
9782081608177
9782012238671
9783855396078
9782211036320
9782210979116
9782848011684
9782211067065
9782278054718
9782877309554
9782227706071
9782737307751
9782203552029
9782203553767
9782203552012
9782877671842
9782867389313
9782070562466
9782748507843
9782226040541
9782070562992
9782218752438
9782917460832
9782211049146
9782211063487
9782211065627
9782203552715
9782211063876
9782211053495
9782203112148
9782203112087
9782203113435
9782070562503
9782877673884
9782081223608
9782278050802
9782848652443
9782878334791
9782848650388
9782211068758
9782081603134
9782877674218
9782877673365
9782725623368
9782841135172
9782211057967
9782020572699
9782917204368
9782211065771
9782862608679
9782070556250
9782081602137
9782013930376
9782203101296
9782877673266
9782227705289
9782701137902
9782745903280
9782358080996
9782877673686
9782877676847
9782226012142
9782211064880
9782020235402
9782013929837
9782020205115
9783314209444
9782211075282
9782841132492
9782211077644
9782747029179
9782211073448
9782211071635
9782877671217
9782745915467
9782278053766
9782732033396
9782012254824
9783314210136
9783314208157
9783314216961
9782877672382
9782748504507
9782742759163
9782211048811
9782211023375
9782211065207
9783314208058
9782211063371
9782878331271
9782226149428
9782841562114
9782211045919
9782211063661
9782211058032
9782736636036
9782211038577
9782211073523
9782211070324
9782211011563
9782211068185
9782746505223
9782211080613
9782211021203
9782895404989
9782211062879
9782355041372
9782743601324
9782211040662
9782278059553
9782211071697
9782092508152
9782355040818
9782020981057
9782211083355
9782211019859
9782810003853
9782203550773
9782203550759
9782211037372
9782810001750
9782812600340
9782841567737
9782203550735
9782801103913
9782203550803
9782358510448
9782732038834
9782211063753
9782211059237
9782877670883
9782020612425
9782877672832
5410741014627
9782812601538
9782877675048
9782915810431
9782745927194
9782871423904
9782211059398
9782895129875
9782877677059
9782226140586
9782351310052
9782354501303
9782355040917
9782878335118
9782874260841
9782355040351
9782873883997
9782211075381
9782877308748
9782848650647
9782020203326
9782211067898
9782913741072
9782841812592
9782211017091
9782092106945
9782844207821
9782211054836
9782745917140
9782732039527
9782877674348
9782352410461
9782845265554
9782841563715
9782745935663
9782070574452
9782203125315
9782841812967
9782732039497
9782745917126
9782203110366
9782211023412
9782211017046
9782013907248
9782013913690
9782810003273
9782226186171
9782841562305
9782930182841
9782877671613
9782226018236
9782203142657
9782211066914
9782867268816
9782211070898
9782702828731
9782211069144
9782841813148
9782070562367
9782211097697
9782742707881
9782877671996
9782211037129
9782355041495
9782747029872
9782841568857
9782278057122
9782226082411
9782211048521
9782719108673
9782211071956
9782211071130
9782877673785
9782081609112
9782211073295
9782733810217
9782210989559
9782211205276
9782227712539
9783314213298
9782246464112
9782244475028
9782278300105
9782203550643
9783314209567
9783314211492
9782211058728
9782040217495
9782700047028
9782841660889
9782021001181
9782733814109
9783314218910
9782877674485
9782244432014
9782867266232
9782849141892
9789954486177
9782848654607
9789954486146
9789954486450
9782211055666
9782844551740
9782364740303
9782740429044
9782355041709
9782917289167
9782203552852
9782746706125
9782355040023
9782211062787
9782745920805
9782877675512
9782278052080
9782278062379
9782203113459
9782226040558
9782020574396
9782211082556
9782747032056
9782211054157
9782211069311
9782092504987
9782840061984
9782211049757
9782211058810
9782731224771
9782211087469
9782211022002
9782211071420
9782278300730
9782877673525
9782352410553
9782352890553
9782211074230
9782203005655
9782203169258
9782211019941
9782226055101
9782740418529
9782731226560
9782211072601
9782211070522
9782210976283
9782211072588
9782882581242
9782211049610
9782211072625
9782278301027
9782278300075
9782278300747
9782278300006
9782278050802
9782211083690
9782841130986
9782211059633
9782203019690
9782070579372
9782732039435
9782278054497
9782081603202
9782278300068
9782211067683
9782010208829
9782742784981
9782877674010
9782841812172
9782278049349
9782878335262
9782278049776
9782226091499
9782877670227
9782877675536
9782020937108
9782747012737
9782740419793
9782745921079
9782740406618
9782211065177
9782211038799
9782878334517
9782211201292
9782218929106
9782203123410
9782203108370
9782751000188
9782092680711
9782848010960
9782020918183
9782278300747
9782211067638
9782203123335
9782211090537
9782227725409
9782092101087
9782070578658
9782203021150
9782211090971
9782211070584
9782203123380
9782081633339
9782012266438
9782203031890
9782227704442
9782877673488
9782278054695
9782227725027
9782081633407
9782092526767
9782211067751
9782203114135
9782070536290
9782211056915
9782732039183
9782092526750
9782211077972
9782841962563
9782070543939
9782227709171
9782211039956
9782092526743
9782230009657
9782211062800
9782012244283
9782203113947
9782020962193
9782226168535
9782226189370
9782877676496
9781409500094
9782745928009
9782020289368
9782844200075
9782211085649
9782227709157
9782211082419
9782012254817
9782841563715
9782226062413
9782203125315
9782211083416
9782226192028
9782211204156
9782278067398
9782748510959
9782745943804
9782081248014
9782844208934
9782226209559
9782844552051
9782740427330
9782352890706
9782355041730
9782278062393
9782841813421
9782211205566
9782364740037
9782211074551
9782226231048
9782246750413
9782211095310
9782733815915
9782278070473
9782812604386
9782746506336
9782746714137
9782035875754
9782361931605
9782848655635
9782021076905
9782211011716
9782203038141
9782747032308
9782747038744
9782211048798
9782070642946
9782800153094
9782895406044
9782747039444
9782203138896
9782848017693
9782953918243
9782747032070
9782070645923
9782244419770
9782877677585
9782278070374
9782211209717
9782877677493
9782812602306
9782812602405
9782905209887
9782211087360
9782915710076
9782081605992
9782211012614
9782211023429
9782877670906
9782812601132
9780714857657
9782915710755
9782081609006
9782362900037
9782878332216
9782362900174
9782278061754
9782733821664
9782733810590
9782733812990
9782330009366
9782848655369
9782203037618
9782278070329
9782278067565
9782361900359
9782745930446
9782203024977
9782812603815
9782211203890
9782203040113
9782953679731
9782211020633
9782745935380
9782841813650
9782013909068
9782916899497
9782070634156
9782070639366
9782021092776
9782355041600
9782203013155
9782203029842
9782844070401
9782352890560
9782070538645
9782844200075
9782070357260
9782867267512
9782092015902
9782731224764
9782211048651
9782211064415
9782211062657
9782211031776
9782211022118
9782012261532
9782211070546
9782020654340
9782215046578
9782010195600
9782841561100
9782215046592
9782081633384
9782278049332
9782211070584
9782012261570
9782012264830
9782211082419
9782211069342
9782211050456
9782211095228
9782844202215
9782244498232
9782227706156
9782211070508
9782211078016
9782278054688
9782203133594
9782211032445
9782732031477
9782211071161
9782747005999
9782355040436
9782092680711
9782877674171
9782070565481
9782848010953
9782012236004
9782740409916
9782278049387
9780746051368
9782010087929
9782010117817
9782010087981
9782010156823
9782010156779
9782227732056
9782230000005
9782227725065
9782747016742
9782211053709
9782844200112
9782747017602
9782211062473
9782211064415
9782877671286
9782211040310
9782211073493
9782211047364
9782745942081
9782211072670
9782745942074
9782226154910
9782211017718
9782211061056
9782747028585
9782747025829
9782211073639
9782840065906
9782215046608
9782012261549
9782211074490
9782203184060
9782278049400
9782844200747
9782012264823
9782012261648
9782012261655
9782877675109
9782012261594
9782211082396
9782745921086
9782211058568
9782012264816
9782211204712
9782203014343
9782278057153
9782211094665
9782092504956
9782092504970
9782848010939
9782732031095
9782278057139
9782278065400
9782874319471
9782747023030
9782081215788
9782211079853
9782012261693
9782211073493
9782226220288
9782020998420
9782070622726
9782352891284
9782226195579
9782747034852
9782211200707
9782740426920
9782211205900
9782740428672
9782745942784
9782013936132
9782745952264
9782211204859
9782740427279
9782745946461
9782352891307
9782354131845
9782070545216
9782226220288
9782211097888
9782278070442
9782278061600
9782747025140
9782203011632
9782203021020
9782203038134
9782745958204
9782203014282
9782747035682
9782070541706
9782070646234
9782211038614
9782354131203
9782012273689
9782745938657
9782203048287
9782203048331
9782020990400
9782278057429
9782211208932
9782352270638
9782278070459
9782211210409
9782211208314
9782211205160
9782800100333
9782800100340
9782871298533
9782800100326
9782800100319
9782871291459
9782800131092
9782205061314
9782800106076
9782800105093
9782747009553
9782205017816
9782800127682
9782700940862
9782700941043
9782800115726
9782700941029
9782723445382
9782800133560
9782800129563
9782800132587
9782800121765
9782800131115
9782747014878
9782847895988
9782747011907
9782845659056
9782747013543
9782845659186
9782869678583
9782840554912
9782800100890
9782800100883
9782800104003
9782800136141
9782847892536
9782800114736
9782940012503
9782724256840
9782800114576
9782940012480
9782940012954
9782800114491
9782840558286
9782840557517
9782800114538
9782800114576
9782940012664
9782864971689
9782205001570
9782203303164
9782864971535
9782205005165
9782205010138
9782205006001
9782800100074
9782800106489
9782847895162
9782871531166
9782747006552
9782803607556
9782211048293
9782700941012
9782010094224
9782800116471
9782800118147
9782203001008
9782724259261
9782715901957
9782081635043
9782203001046
9782908406269
9782800129556
9782800136462
9789037476934
9782203303096
9782845654204
9782845653757
9782744122910
9782227715066
9782700941104
9782203389120
9782205041897
9782747017145
9782800129471
9782036511224
9782217100056
9782700041255
9782020962902
9782205001464
9782205011500
9782081635081
9782205001709
9782847897784
9782738125804
9782203026094
9782203035751
9782859569792
9782800114668
9782203001053
9782869671225
9782205032093
9782800133591
9782864970965
9782800121390
9782747017138
9782800114552
9782700041262
9782211027519
9782747000406
9782205055825
9782700041156
9782840556114
9782278067503
9782205066340
9782818908426
9782723467889
9782723458696
9782723484268
9782723419475
9782871295525
9782871292685
9782871294146
9782845992092
9782723419741
9782351420188
9782351420195
9782752202109
9782916739342
9782845991972
9782916739274
9782952450959
9782952450966
9782952450928
9782916739397
9782723419062
9782351420454
9782908248647
9782070544226
9782211070843
9782226082213
9782745912633
9782700048766
9782203139091
9782226070456
9782211086561
9782840065067
9782092516072
9782227704480
9782020338219
9782700039689
9782013931694
9780714859538
9782211059565
9782745920065
9782092514597
9782746710009
9782745918642
9782226112507
9782226101426
9782841967476
9782915601404
9782841962860
9782020982207
9782226119902
9782261019571
9782211062084
9782211081788
9782211228992
9782714458841
9782266254489
9782211078962
9782226118172
9782211073493
9782747002004
9782747013826
9782258113091
9791092285581
9782258134980
978-2-7470-7653-1
9782747020336
9782924786260
9782733835166
9782912084736
9782092566992
9782286127404
9791024502021
9782714474773
9782258135024
786698
9782286004170
9782213624976
9782286138592
9782702881729
9782246319313
340880
9782258013575
9782702880135
9782234019799
9782286003838
9782258001169
166496
9782070513406
9782714460660
9782266127752
9782266082914
9782011678263
9782218735721
9782877674263
9782020560504
9782092566992
9782092108895
978-2-266-20524-5
9782211042116
9782874260131
9782253088172
9782203356689
9782723423885
9782226154910
9782215023548
9782877674638
9782226112613
123310
2724262301
9782266261364
9782211047487
9782733835166
9782211082723
9782286137908
9782745909930
LI347216
870970
9782218754654
9782745917089
9782205076509
9782723442756
9782755641837
9782902414079
00288266
554532
9782902414086
9783314209512
9782747016988
9782745903198
9782747016506
9782800629353
9782800100944
9782732431758
20070760332
9782035650702
9782377350247
9782203123434
9782266077477
9782016255285
2744154679
9782324025747
9782351420713
9782351420720
9782351420737
9782821206823
9782211310949
9782211310994
9782211019484
9782092588802
9782733848302
9782092556603
9782092534878
9791096537143
9791096537150
9782081306547
9782733879375
9782733841501
9782733869840
9782733850909
9782733848296
9782733850916
9782017012207
9782253906803
9782253078685
9782253071167
9782253934608
9782253934189
9782253074304
9782253088110
9782221157701
9782266306799
9782253934103
9782253100492
9782226441973
9782253074328
9782253087304
9782072895098
9782253070566
9782374482170
9782013229623
9782266218184
9782355045943
9782355046025
9782410016680
9782211307055
9782226023667
9782368125588
9782843900457
9782218992520
9782211093071
978221120778
9782809702620
9782731228212
9782035652102
9782324005206
9782731226669
9782013220170
3780763705905
9782081642089
9782081242005
9782350240176
9782266081832
9782012014398
9782266198998
5410741012258
9782278049233
9782344032121
9782344034675
9782010184475
9782800136127
9782357580176
9782350780696
9782253073178
9782012097414
9782266092531
" 2744126330"
9782070126606
2010067096
2211071880
9782211065139
9782010184482
2070336182
2800606479
9782266182713
9782841138289
9782830711820
9782092049327
2245021112
9782756064734
9782747076388
9781838660468
9782848011615
352939
9782266150149
9782264072085
9782350860664
9782012259782
9782012018884
9782266169578
9782266144711
9782266167581
9782253172109
9782747003063
9782264022615
9782010039188
9782092532874
4007148013004
9782261034635
2010056630
9781747012737
9782092715505
2211062628
9782010108709
9782226035996
9782736635060
9782743401337
9782846060875
22110242030595
9782913607255
2211016430
9782917371794
9782371650145
9782714449849
9782351420416
9788882014957
9782226035998
9782723478472
9782846062770
9782014630725
9782012019867
9782012017207
9782012017467
9782012016750
9782012016477
9782012014787
9782809646078
9782809646085
9782846062244
9782075091725
9782081230019
9782723464482
9782508004469
9782740402320
9782081630574
9782700226904
9782203001046
9782205026719
9782205034202
9782749302256
9788877470461
9782070547883
9782864971535
9789059162167
9782324025747
9782700038361
691658
9782013908764
9782286090265
9782266250924
9782290159187
9782714449856
9782714447074
9782226326126
9782266058575
5410741012142
9782266219150
9782253153986
9782266299725
9782266291507
9782748524963
9782014644692
9782205005165
9782081641686
9782266218092
9782841118724
9782205006001
9782081285491
9791094132494
9782364741324
9782203051485
9782081617490
9782226149848
9782884451116
9782211041782
9782800646954
9782700039122
9782700038477
566390
